0.051
0.047
0.013
-0.005
0.02
0.163
0.086
-0.035
0.006
-0.185
-0.02
-0.078
-0.013
-0.078
0.104
-0.059
-0.046
0.04
-0.078
-0.01
-0.048
0.003
0.027
-0.06
-0.052
-0.147
-0.001
-0.112
0.02
0.129
0.003
0.06
-0.053
0.159
-0.023
-0.047
-0.059
0.069
-0.025
-0.001
0.032
0.052
0.007
-0.018
-0.13
0.043
0.004
-0.138
0.054
0
-0.049
-0.015
0.02
0.127
-0.093
-0.009
0.08
0.062
-0.031
0.037
0.039
0.027
0.06
-0.023
-0.052
-0.076
-0.083
-0.036
0.004
0.007
-0.035
-0.003
-0.015
0.061
-0.022
0.002
-0.08
-0.055
-0.186
0.059
0.017
-0.018
-0.214
-0.123
-0.093
-0.086
0.08
-0.066
0.035
0.002
-0.041
-0.058
0.014
0.05
0.014
