0.363
0.305
0.358
0.423
0.412
0.334
0.371
0.407
0.419
0.337
0.403
0.407
0.393
0.387
0.353
0.282
0.342
0.392
0.434
0.374
0.371
0.374
0.354
0.183
0.383
0.42
0.265
0.427
0.364
0.435
0.414
0.387
0.414
0.327
0.351
0.375
0.366
0.398
0.323
0.413
0.424
0.42
0.403
0.345
0.366
0.422
0.369
0.371
0.39
0.346
0.406
0.426
0.406
0.43
0.422
0.438
0.436
0.412
0.417
0.224
0.398
0.412
0.381
0.396
0.398
0.404
0.424
0.424
0.359
0.44
0.422
0.422
0.414
0.367
0.311
0.42
0.328
0.367
0.37
0.392
0.4
0.275
0.34
0.423
0.417
0.409
0.415
0.406
0.403
0.417
0.432
0.351
0.315
0.344
0.398
0.427
0.422
0.405
0.403
0.42
0.398
0.402
0.428
0.381
0.402
0.417
0.344
0.431
0.362
0.397
0.361
0.4
0.416
0.392
0.407
0.385
0.373
0.406
0.363
0.407
0.344
0.298
0.436
0.352
0.362
0.42
0.413
0.314
0.345
0.398
0.282
0.423
0.425
0.432
0.433
0.409
0.435
0.35
0.384
0.313
0.401
0.417
0.414
0.334
0.427
0.401
0.405
0.352
0.28
0.428
0.306
0.36
0.436
0.322
0.397
0.345
0.417
0.389
0.383
0.439
0.415
0.392
0.414
0.423
0.369
0.398
0.359
0.321
0.403
0.39
0.361
0.371
0.35
0.417
0.398
0.328
0.4
0.255
0.381
0.41
0.435
0.392
0.412
0.424
0.391
0.32
0.319
0.373
0.405
0.38
0.336
0.359
0.407
0.414
0.412
0.44
0.332
0.336
0.427
0.414
0.418
0.342
0.319
0.426
0.334
0.399
0.413
0.392
0.406
0.367
0.149
0.391
0.397
0.416
0.359
0.349
0.426
0.386
0.407
0.367
0.431
0.409
0.404
0.382
0.349
0.397
0.367
0.377
0.395
0.38
0.349
0.339
0.408
0.36
0.436
0.398
0.399
0.434
0.337
0.365
0.311
0.341
0.402
0.416
0.408
0.419
0.433
0.416
0.382
0.392
0.417
0.44
0.421
0.397
0.374
0.34
0.423
0.41
0.411
0.391
0.415
0.411
0.412
0.374
0.408
0.4
0.422
0.389
0.376
0.344
0.428
0.4
0.361
0.371
0.335
0.312
0.363
0.34
0.399
0.395
0.402
0.397
0.388
0.405
0.419
0.42
0.404
0.426
0.409
0.267
0.44
0.408
0.396
0.404
0.407
0.386
0.423
0.415
0.258
0.376
0.441
0.403
0.418
0.354
0.31
0.406
0.375
0.386
0.411
0.238
0.409
0.389
0.411
0.366
0.424
0.379
0.329
0.368
0.288
0.412
0.387
0.266
0.158
0.437
0.406
0.429
0.407
0.38
0.428
0.384
0.397
0.423
0.355
0.381
0.439
0.375
0.416
0.36
0.396
0.413
0.375
0.384
0.331
0.419
0.417
0.432
0.364
0.417
0.375
0.379
0.373
0.407
0.382
0.395
0.397
0.42
0.36
0.131
0.36
0.427
0.391
0.43
0.401
0.411
0.321
0.391
0.331
0.318
0.419
0.421
0.439
0.423
0.366
0.315
0.428
0.422
0.433
0.427
0.424
0.355
0.357
0.245
0.407
0.385
0.399
0.37
0.376
0.406
0.377
0.388
0.382
0.403
0.361
0.431
0.394
0.392
0.408
0.42
0.389
0.35
0.385
0.375
0.351
0.398
0.38
0.43
0.401
0.397
0.412
0.341
0.401
0.328
0.35
0.376
0.405
0.403
0.393
0.439
0.312
0.404
0.378
0.392
0.387
0.404
0.409
0.265
0.32
0.433
0.403
0.391
0.337
0.257
0.423
0.39
0.391
0.377
0.361
0.296
0.411
0.32
0.345
0.37
0.342
0.392
0.398
0.419
0.42
0.441
0.412
0.427
0.43
0.343
0.403
0.353
0.427
0.292
0.37
0.426
0.31
0.432
0.397
0.348
0.425
0.363
0.387
0.4
0.414
0.422
0.395
0.355
0.418
0.415
0.383
0.43
0.314
0.435
0.434
0.433
0.429
0.396
0.413
0.411
0.422
0.399
0.427
0.399
0.383
0.325
0.406
0.385
0.311
0.427
0.404
0.201
0.353
0.358
0.405
0.42
0.442
0.34
0.441
0.414
0.413
0.371
0.429
0.426
0.343
0.412
0.413
0.292
0.263
0.412
0.409
0.431
0.38
0.386
0.366
0.399
0.397
0.409
0.35
0.423
0.418
0.417
0.427
0.423
0.356
0.364
0.386
0.341
0.373
0.375
0.432
0.356
0.416
0.412
0.358
0.432
0.298
0.321
0.43
0.329
0.414
0.388
0.433
0.324
0.423
0.297
0.41
0.404
0.423
0.3
0.36
0.381
0.283
0.42
0.428
0.373
0.352
0.4
0.404
0.384
0.408
0.381
0.413
0.363
0.421
0.419
0.339
0.413
0.42
0.434
0.415
0.42
0.403
0.435
0.43
0.376
0.417
0.425
0.436
0.391
0.433
0.329
0.43
0.413
0.294
0.413
0.344
0.35
0.355
0.409
0.409
0.425
0.417
0.397
0.365
0.422
0.349
0.379
0.419
0.325
0.36
0.42
0.413
0.401
0.4
0.428
0.431
0.354
0.402
0.42
0.413
0.379
0.176
0.428
0.361
0.283
0.393
0.375
0.364
0.41
0.411
0.437
0.421
0.413
0.378
0.211
0.38
0.381
0.384
0.418
0.41
0.416
0.391
0.403
0.381
0.443
0.361
0.363
0.343
0.407
0.336
0.428
0.294
0.325
0.411
0.361
0.347
0.37
0.412
0.372
0.332
0.402
0.387
0.415
0.318
0.408
0.418
0.401
0.437
0.375
0.403
0.401
0.426
0.306
0.424
0.306
0.237
0.322
0.362
0.369
0.417
0.373
0.349
0.41
0.399
0.433
0.327
0.398
0.334
0.401
0.42
0.379
0.29
0.362
0.321
0.343
0.429
0.125
0.395
0.42
0.357
0.333
0.399
0.306
0.347
0.372
0.331
0.341
0.389
0.394
0.375
0.378
0.428
0.407
0.35
0.359
0.387
0.357
0.426
0.41
0.421
0.433
0.425
0.426
0.348
0.435
0.344
0.432
0.417
0.43
0.406
0.333
0.428
0.372
0.346
0.424
0.392
0.355
0.345
0.432
0.418
0.411
0.358
0.391
0.24
0.373
0.393
0.376
0.402
0.398
0.437
0.405
0.37
0.414
0.384
0.384
0.401
0.421
0.368
0.399
0.391
0.337
0.394
0.351
0.401
0.418
0.354
0.416
0.272
0.373
0.433
0.405
0.415
0.31
0.322
0.434
0.387
0.424
0.341
0.31
0.333
0.351
0.397
0.372
0.416
0.291
0.418
0.398
0.402
0.321
0.416
0.417
0.373
0.393
0.344
0.414
0.384
0.374
0.412
0.372
0.39
0.392
0.24
0.378
0.405
0.314
0.325
0.412
0.408
0.375
0.155
0.431
0.386
0.415
0.376
0.377
0.398
0.425
0.407
0.368
0.323
0.408
0.366
0.381
0.363
0.376
0.418
0.393
0.418
0.382
0.421
0.366
0.429
0.436
0.394
0.38
0.417
0.417
0.371
0.41
0.419
0.389
0.393
0.383
0.432
0.433
0.4
0.411
0.411
0.379
0.412
0.413
0.134
0.222
0.371
0.358
0.37
0.366
0.421
0.252
0.424
0.393
0.363
0.404
0.411
0.428
0.439
0.381
0.387
0.347
0.354
0.348
0.39
0.416
0.408
0.368
0.402
0.354
0.407
0.396
0.394
0.401
0.391
0.39
0.396
0.43
0.419
0.418
0.436
0.386
0.444
0.411
0.286
0.358
0.321
0.393
0.425
0.42
0.231
0.356
0.351
0.364
0.388
0.422
0.308
0.445
0.414
0.37
0.317
0.373
0.337
0.372
0.349
0.391
0.258
0.398
0.369
0.383
0.403
0.351
0.32
0.4
0.385
0.311
0.289
0.246
0.378
0.222
0.243
0.385
0.35
0.314
0.382
0.374
0.377
0.245
0.373
0.375
0.4
0.379
0.361
0.261
0.359
0.398
0.401
0.356
0.381
0.341
0.32
0.369
0.363
0.345
0.385
0.363
0.372
0.4
0.379
0.343
0.392
0.369
0.396
0.23
0.387
0.396
0.395
0.38
0.394
0.344
0.362
0.379
0.32
0.409
0.39
0.386
0.392
0.373
0.183
0.389
0.408
0.299
0.362
0.351
0.368
0.401
0.264
0.393
0.386
0.391
0.296
0.358
0.328
0.292
0.38
0.293
0.175
0.341
0.371
0.408
0.386
0.308
0.372
0.406
0.167
0.373
0.373
0.387
0.28
0.351
0.351
0.386
0.366
0.378
0.354
0.263
0.395
0.366
0.392
0.357
0.313
0.262
0.402
0.358
0.307
0.363
0.384
0.292
0.373
0.357
0.273
0.33
0.365
0.38
0.335
0.361
0.356
0.386
0.305
0.341
0.308
0.371
0.342
0.399
0.342
0.387
0.399
0.405
0.358
0.377
0.337
0.355
0.375
0.307
0.395
0.375
0.384
0.363
0.388
0.321
0.382
0.231
0.36
0.307
0.391
0.372
0.381
0.29
0.364
0.398
0.368
0.369
0.334
0.402
0.327
0.361
0.372
0.398
0.343
0.388
0.39
0.386
0.354
0.339
0.373
0.363
0.311
0.328
0.384
0.303
0.358
0.381
0.322
0.267
0.398
0.39
0.385
0.354
0.281
0.301
0.262
0.367
0.39
0.33
0.343
0.39
0.389
0.405
0.373
0.196
0.378
0.337
0.39
0.316
0.371
0.335
0.37
0.386
0.365
0.361
0.247
0.301
0.399
0.318
0.329
0.381
0.319
0.383
0.262
0.327
0.293
0.305
0.398
0.377
0.366
0.232
0.379
0.29
0.387
0.315
0.3
0.38
0.36
0.385
0.381
0.334
0.156
0.352
0.322
0.388
0.387
0.317
0.375
0.369
0.356
0.406
0.348
0.358
0.405
0.361
0.387
0.21
0.363
0.364
0.384
0.387
0.378
0.325
0.408
0.378
0.359
0.172
0.292
0.401
0.371
0.403
0.35
0.396
0.318
0.357
0.355
0.389
0.379
0.287
0.323
0.294
0.408
0.351
0.391
0.399
0.404
0.356
0.407
0.335
0.403
0.375
0.276
0.364
0.401
0.409
0.393
0.334
0.395
0.229
0.352
0.383
0.403
0.377
0.353
0.25
0.186
0.374
0.376
0.378
0.378
0.393
0.379
0.372
0.362
0.346
0.387
0.337
0.391
0.378
0.382
0.38
0.314
0.385
0.343
0.292
0.379
0.309
0.338
0.358
0.313
0.391
0.319
0.301
0.325
0.364
0.303
0.327
0.321
0.399
0.376
0.379
0.378
0.37
0.366
0.349
0.205
0.348
0.387
0.376
0.392
0.322
0.37
0.194
0.386
0.378
0.286
0.332
0.115
0.364
0.389
0.322
0.282
0.393
0.338
0.324
0.365
0.37
0.368
0.373
0.343
0.352
0.362
0.313
0.41
0.412
0.354
0.394
0.341
0.314
0.388
0.401
0.344
0.365
0.156
0.124
0.342
0.298
0.339
0.321
0.364
0.39
0.365
0.385
0.399
0.37
0.403
0.329
0.257
0.347
0.38
0.357
0.368
0.226
0.363
0.362
0.392
0.401
0.372
0.317
0.25
0.333
0.335
0.337
0.396
0.313
0.344
0.407
0.354
0.357
0.286
0.38
0.363
0.38
0.376
0.34
0.304
0.354
0.382
0.322
0.373
0.323
0.357
0.339
0.338
0.4
0.396
0.346
0.386
0.346
0.349
0.408
0.377
0.363
0.322
0.347
0.379
0.373
0.33
0.269
0.302
0.349
0.388
0.388
0.385
0.34
0.26
0.254
0.366
0.378
0.341
0.331
0.402
0.393
0.352
0.255
0.378
0.355
0.338
0.38
0.367
0.387
0.371
0.349
0.35
0.389
0.39
0.299
0.374
0.234
0.302
0.37
0.345
0.249
0.317
0.337
0.36
0.318
0.354
0.381
0.394
0.368
0.318
0.379
0.368
0.384
0.368
0.307
0.396
0.398
0.392
0.379
0.37
0.376
0.412
0.379
0.344
0.387
0.383
0.376
0.382
0.295
0.351
0.309
0.321
0.38
0.373
0.366
0.398
0.389
0.361
0.374
0.362
0.362
0.313
0.393
0.342
0.383
0.406
0.311
0.398
0.382
0.399
0.345
0.327
0.396
0.334
0.374
0.362
0.332
0.359
0.333
0.353
0.375
0.346
0.387
0.319
0.383
0.29
0.413
0.351
0.38
0.372
0.372
0.329
0.389
0.379
0.361
0.387
0.364
0.385
0.363
0.305
0.358
0.397
0.352
0.28
0.318
0.255
0.358
0.375
0.354
0.37
0.384
0.314
0.405
0.35
0.358
0.373
0.369
0.355
0.303
0.283
0.38
0.391
0.324
0.386
0.351
0.384
0.344
0.404
0.334
0.37
0.384
0.368
0.38
0.353
0.363
0.386
0.347
0.299
0.299
0.387
0.387
0.409
0.24
0.377
0.341
0.355
0.361
0.396
0.401
0.383
0.407
0.397
0.358
0.348
0.359
0.393
0.394
0.399
0.381
0.301
0.347
0.382
0.379
0.409
0.312
0.348
0.38
0.383
0.37
0.375
0.35
0.329
0.369
0.348
0.265
0.276
0.389
0.375
0.404
0.373
0.294
0.397
0.345
0.381
0.329
0.396
0.357
0.327
0.375
0.337
0.358
0.405
0.382
0.256
0.4
0.288
0.36
0.365
0.384
0.383
0.349
0.277
0.317
0.293
0.38
0.337
0.322
0.347
0.377
0.31
0.201
0.398
0.321
0.367
0.36
0.371
0.32
0.398
0.379
0.377
0.316
0.393
0.367
0.305
0.402
0.383
0.316
0.344
0.334
0.399
0.336
0.363
0.399
0.367
0.38
0.359
0.372
0.405
0.398
0.361
0.293
0.388
0.368
0.335
0.311
0.386
0.376
0.332
0.401
0.32
0.397
0.024
0.311
0.38
0.306
0.285
0.307
0.347
0.362
0.344
0.316
0.394
0.398
0.311
0.325
0.362
0.361
0.396
0.349
0.331
0.37
0.354
0.28
0.397
0.389
0.316
0.366
0.341
0.358
0.344
0.365
0.37
0.346
0.392
0.267
0.368
0.404
0.335
0.399
0.343
0.363
0.324
0.274
0.341
0.338
0.342
0.389
0.389
0.348
0.349
0.309
0.387
0.39
0.315
0.364
0.362
0.352
0.289
0.214
0.393
0.373
0.368
0.346
0.405
0.368
0.363
0.354
0.348
0.374
0.367
0.392
0.322
0.37
0.4
0.379
0.397
0.232
0.349
0.371
0.335
0.388
0.397
0.382
0.393
0.282
0.361
0.357
0.354
0.358
0.361
0.361
0.382
0.384
0.396
0.403
0.368
0.332
0.332
0.382
0.394
0.394
0.347
0.294
0.337
0.272
0.394
0.34
0.301
0.271
0.406
0.343
0.396
0.388
0.338
0.371
0.387
0.395
0.389
0.352
0.307
0.31
0.374
0.295
0.301
0.383
0.385
0.365
0.406
0.333
0.34
0.386
0.259
0.365
0.397
0.34
0.383
0.375
0.385
0.384
0.383
0.377
0.282
0.361
0.343
0.337
0.309
0.34
0.232
0.383
0.391
0.316
0.298
0.375
0.346
0.316
0.407
0.347
0.381
0.399
0.383
0.387
0.369
0.383
0.368
0.383
0.407
0.292
0.363
0.377
0.396
0.266
0.301
0.391
0.378
0.364
0.334
0.374
0.396
0.341
0.373
0.368
0.373
0.396
0.395
0.381
0.277
0.389
0.29
0.373
0.372
0.385
0.346
0.321
0.305
0.312
0.301
0.295
0.336
0.339
0.367
0.297
0.356
0.381
0.242
0.302
0.329
0.319
0.229
0.333
0.332
0.355
0.359
0.258
0.334
0.338
0.35
0.359
0.343
0.35
0.344
0.324
0.351
0.287
0.362
0.349
0.345
0.3
0.258
0.368
0.348
0.352
0.219
0.312
0.35
0.273
0.344
0.324
0.317
0.357
0.349
0.223
0.325
0.355
0.257
0.269
0.331
0.357
0.344
0.096
0.357
0.324
0.331
0.32
0.321
0.306
0.307
0.379
0.352
0.331
0.364
0.301
0.327
0.347
0.343
0.313
0.368
0.324
0.342
0.334
0.248
0.331
0.343
0.341
0.368
0.354
0.359
0.316
0.328
0.349
0.324
0.33
0.365
0.346
0.365
0.326
0.27
0.309
0.321
0.338
0.348
0.278
0.361
0.362
0.2
0.351
0.273
0.215
0.358
0.366
0.334
0.253
0.281
0.359
0.363
0.265
0.329
0.331
0.336
0.279
0.363
0.349
0.346
0.345
0.341
0.358
0.279
0.357
0.369
0.332
0.337
0.326
0.355
0.312
0.298
0.338
0.229
0.329
0.339
0.231
0.285
0.278
0.269
0.299
0.245
0.354
0.32
0.338
0.279
0.37
0.35
0.277
0.368
0.343
0.369
0.317
0.28
0.131
0.295
0.362
0.32
0.346
0.3
0.18
0.372
0.331
0.344
0.215
0.224
0.314
0.243
0.281
0.323
0.302
0.323
0.335
0.358
0.355
0.292
0.282
0.375
0.252
0.325
0.359
0.341
0.298
0.236
0.368
0.287
0.315
0.347
0.345
0.36
0.168
0.351
0.349
0.346
0.327
0.364
0.335
0.347
0.378
0.348
0.354
0.28
0.313
0.335
0.246
0.316
0.339
0.304
0.3
0.338
0.335
0.38
0.311
0.368
0.208
0.221
0.355
0.293
0.365
0.349
0.263
0.348
0.299
0.373
0.332
0.331
0.352
0.238
0.286
0.347
0.378
0.235
0.347
0.303
0.345
0.354
0.346
0.248
0.294
0.367
0.349
0.337
0.365
0.215
0.349
0.124
0.241
0.321
0.311
0.351
0.254
0.311
0.344
0.302
0.325
0.363
0.353
0.235
0.361
0.173
0.361
0.356
0.25
0.354
0.296
0.327
0.323
0.371
0.34
0.357
0.356
0.329
0.335
0.369
0.329
0.37
0.355
0.349
0.333
0.298
0.305
0.333
0.324
0.371
0.36
0.341
0.351
0.36
0.356
0.359
0.334
0.333
0.332
0.347
0.314
0.358
0.312
0.339
0.346
0.177
0.336
0.349
0.316
0.361
0.333
0.363
0.347
0.333
0.322
0.227
0.344
0.355
0.347
0.283
0.341
0.305
0.365
0.327
0.361
0.371
0.238
0.343
0.349
0.355
0.326
0.365
0.325
0.337
0.313
0.304
0.354
0.37
0.377
0.276
0.347
0.326
0.359
0.326
0.372
0.33
0.311
0.332
0.25
0.347
0.359
0.359
0.251
0.341
0.373
0.357
0.325
0.153
0.347
0.248
0.335
0.364
0.367
0.282
0.345
0.303
0.334
0.288
0.377
0.325
0.301
0.34
0.367
0.309
0.357
0.355
0.338
0.304
0.333
0.355
0.244
0.289
0.322
0.272
0.356
0.309
0.258
0.329
0.321
0.345
0.332
0.216
0.32
0.304
0.307
0.379
0.321
0.345
0.27
0.347
0.261
0.329
0.249
0.365
0.367
0.37
0.37
0.312
0.286
0.313
0.281
0.29
0.339
0.325
0.323
0.343
0.354
0.323
0.259
0.309
0.236
0.333
0.302
0.319
0.355
0.324
0.313
0.323
0.282
0.336
0.351
0.296
0.379
0.235
0.309
0.363
0.226
0.262
0.221
0.292
0.345
0.298
0.325
0.217
0.362
0.368
0.357
0.33
0.298
0.358
0.371
0.331
0.324
0.187
0.371
0.293
0.34
0.317
0.345
0.339
0.351
0.345
0.367
0.347
0.358
0.229
0.32
0.358
0.27
0.327
0.24
0.339
0.333
0.351
0.353
0.334
0.329
0.301
0.348
0.355
0.361
0.336
0.23
0.281
0.351
0.359
0.327
0.285
0.268
0.295
0.357
0.368
0.375
0.34
0.363
0.349
0.366
0.255
0.352
0.355
0.34
0.346
0.336
0.304
0.266
0.159
0.34
0.326
0.29
0.335
0.305
0.255
0.302
0.299
0.29
0.375
0.28
0.351
0.309
0.292
0.351
0.216
0.295
0.343
0.356
0.366
0.333
0.331
0.377
0.367
0.289
0.332
0.329
0.359
0.364
0.355
0.346
0.314
0.255
0.369
0.361
0.326
0.366
0.31
0.333
0.292
0.303
0.335
0.356
0.328
0.354
0.354
0.345
0.232
0.336
0.293
0.372
0.358
0.331
0.366
0.342
0.347
0.308
0.307
0.351
0.297
0.352
0.281
0.353
0.209
0.167
0.331
0.305
0.375
0.369
0.356
0.264
0.251
0.338
0.349
0.344
0.337
0.349
0.22
0.345
0.369
0.314
0.33
0.344
0.374
0.302
0.332
0.338
0.341
0.363
0.281
0.375
0.362
0.32
0.34
0.369
0.33
0.237
0.294
0.316
0.368
0.214
0.317
0.38
0.349
0.306
0.34
0.243
0.346
0.326
0.359
0.364
0.37
0.239
0.352
0.359
0.325
0.24
0.334
0.221
0.372
0.357
0.373
0.35
0.363
0.323
0.332
0.303
0.325
0.343
0.353
0.3
0.354
0.197
0.294
0.3
0.309
0.365
0.321
0.282
0.327
0.367
0.352
0.281
0.351
0.32
0.359
0.326
0.333
0.279
0.325
0.32
0.351
0.305
0.283
0.33
0.331
0.333
0.355
0.371
0.3
0.323
0.319
0.354
0.355
0.324
0.271
0.353
0.321
0.323
0.224
0.353
0.334
0.373
0.354
0.335
0.341
0.324
0.356
0.237
0.352
0.256
0.323
0.309
0.326
0.354
0.357
0.372
0.316
0.361
0.36
0.33
0.325
0.293
0.323
0.365
0.349
0.325
0.366
0.361
0.366
0.356
0.332
0.304
0.345
0.32
0.344
0.325
0.37
0.304
0.331
0.332
0.321
0.373
0.366
0.369
0.341
0.339
0.358
0.354
0.346
0.368
0.313
0.356
0.141
0.343
0.37
0.354
0.381
0.351
0.365
0.365
0.352
0.301
0.251
0.306
0.354
0.357
0.361
0.333
0.221
0.219
0.353
0.317
0.365
0.333
0.321
0.317
0.302
0.249
0.294
0.344
0.354
0.328
0.348
0.359
0.354
0.333
0.36
0.353
0.318
0.329
0.366
0.362
0.36
0.378
0.298
0.316
0.35
0.361
0.346
0.344
0.352
0.344
0.27
0.366
0.272
0.319
0.312
0.313
0.341
0.329
0.275
0.303
0.346
0.37
0.292
0.348
0.347
0.357
0.35
0.359
0.27
0.33
0.335
0.349
0.321
0.369
0.272
0.275
0.345
0.348
0.343
0.344
0.329
0.363
0.319
0.338
0.321
0.337
0.344
0.357
0.2
0.365
0.264
0.342
0.352
0.3
0.337
0.3
0.249
0.326
0.24
0.28
0.373
0.336
0.362
0.34
0.349
0.247
0.343
0.284
0.362
0.32
0.365
0.293
0.283
0.28
0.337
0.322
0.351
0.32
0.307
0.347
0.292
0.312
0.337
0.193
0.346
0.308
0.319
0.342
0.333
0.324
0.357
0.354
0.379
0.368
0.376
0.344
0.35
0.336
0.336
0.359
0.349
0.344
0.368
0.362
0.338
0.337
0.326
0.373
0.347
0.312
0.313
0.378
0.03
0.301
0.341
0.323
0.327
0.31
0.379
0.371
0.244
0.347
0.367
0.347
0.34
0.319
0.346
0.356
0.373
0.353
0.353
0.334
0.354
0.37
0.233
0.259
0.272
0.32
0.28
0.318
0.32
0.304
0.344
0.335
0.331
0.297
0.262
0.295
0.309
0.239
0.267
0.322
0.311
0.196
0.318
0.208
0.306
0.308
0.206
0.296
0.241
0.337
0.318
0.311
0.321
0.342
0.15
0.324
0.307
0.287
0.322
0.303
0.319
0.313
0.281
0.295
0.22
0.319
0.341
0.313
0.314
0.224
0.31
0.282
0.257
0.246
0.269
0.315
0.327
0.288
0.329
0.315
0.258
0.327
0.302
0.341
0.315
0.308
0.313
0.226
0.32
0.309
0.32
0.318
0.184
0.322
0.268
0.224
0.281
0.227
0.329
0.344
0.273
0.278
0.268
0.295
0.303
0.315
0.332
0.251
0.323
0.309
0.333
0.214
0.307
0.316
0.331
0.18
0.245
0.323
0.252
0.202
0.198
0.318
0.331
0.207
0.316
0.33
0.253
0.319
0.101
0.06
0.312
0.274
0.279
0.345
0.314
0.335
0.309
0.284
0.105
0.272
0.2
0.064
0.299
0.3
0.3
0.272
0.316
0.315
0.316
0.316
0.327
0.34
0.268
0.302
0.192
0.34
0.31
0.256
0.305
0.31
0.257
0.291
0.324
0.31
0.286
0.248
0.285
0.342
0.287
0.288
0.288
0.312
0.304
0.319
0.325
0.32
0.343
0.289
0.314
0.341
0.24
0.319
0.331
0.302
0.217
0.327
0.273
0.293
0.217
0.339
0.346
0.291
0.273
0.319
0.327
0.312
0.317
0.269
0.334
0.263
0.301
0.346
0.309
0.322
0.315
0.314
0.322
0.306
0.251
0.316
0.291
0.264
0.254
0.29
0.328
0.278
0.243
0.329
0.328
0.25
0.317
0.323
0.318
0.242
0.285
0.28
0.329
0.256
0.298
0.312
0.304
0.185
0.306
0.218
0.343
0.288
0.324
0.314
0.346
0.347
0.306
0.282
0.251
0.331
0.302
0.343
0.333
0.32
0.321
0.31
0.171
0.315
0.311
0.298
0.333
0.34
0.335
0.311
0.243
0.268
0.292
0.294
0.293
0.202
0.304
0.283
0.284
0.301
0.257
0.269
0.293
0.308
0.315
0.317
0.277
0.284
0.305
0.287
0.254
0.258
0.22
0.242
0.332
0.308
0.316
0.312
0.329
0.295
0.289
0.313
0.323
0.309
0.276
0.207
0.334
0.329
0.303
0.224
0.31
0.31
0.292
0.326
0.266
0.088
0.281
0.293
0.287
0.34
0.336
0.299
0.177
0.332
0.318
0.334
0.317
0.266
0.292
0.25
0.322
0.334
0.318
0.288
0.321
0.262
0.304
0.289
0.268
0.326
0.309
0.317
0.28
0.326
0.283
0.294
0.329
0.322
0.196
0.218
0.305
0.313
0.316
0.31
0.326
0.241
0.289
0.265
0.298
0.325
0.285
0.233
0.339
0.269
0.304
0.301
0.312
0.258
0.318
0.319
0.234
0.224
0.263
0.316
0.315
0.313
0.212
0.321
0.272
0.221
0.305
0.33
0.322
0.281
0.282
0.328
0.284
0.319
0.327
0.338
0.326
0.237
0.319
0.312
0.297
0.299
0.207
0.332
0.33
0.326
0.292
0.331
0.316
0.322
0.277
0.309
0.266
0.283
0.298
0.304
0.3
0.19
0.309
0.3
0.286
0.339
0.103
0.302
0.307
0.32
0.279
0.311
0.125
0.266
0.289
0.276
0.327
0.301
0.258
0.298
0.247
0.3
0.251
0.334
0.275
0.28
0.325
0.289
0.324
0.153
0.214
0.222
0.2
0.294
0.291
0.282
0.309
0.282
0.335
0.276
0.271
0.289
0.319
0.283
0.294
0.262
0.321
0.289
0.314
0.325
0.314
0.307
0.297
0.334
0.322
0.314
0.288
0.286
0.099
0.331
0.309
0.212
0.232
0.303
0.305
0.292
0.311
0.207
0.319
0.325
0.292
0.267
0.334
0.229
0.32
0.31
0.263
0.267
0.321
0.336
0.189
0.312
0.318
0.299
0.292
0.26
0.33
0.336
0.322
0.325
0.316
0.346
0.132
0.314
0.296
0.321
0.278
0.256
0.328
0.275
0.325
0.157
0.312
0.34
0.254
0.239
0.29
0.306
0.301
0.278
0.27
0.304
0.319
0.326
0.328
0.279
0.323
0.305
0.212
0.289
0.31
0.332
0.281
0.325
0.326
0.332
0.277
0.23
0.331
0.327
0.279
0.336
0.154
0.336
0.321
0.254
0.249
0.327
0.309
0.311
0.247
0.315
0.336
0.143
0.282
0.309
0.292
0.275
0.276
0.281
0.325
0.343
0.277
0.223
0.313
0.332
0.333
0.319
0.108
0.311
0.328
0.29
0.292
0.324
0.306
0.239
0.321
0.315
0.194
0.308
0.341
0.264
0.249
0.324
0.277
0.302
0.304
0.305
0.331
0.314
0.332
0.304
0.302
0.251
0.306
0.328
0.244
0.315
0.327
0.225
0.257
0.297
0.305
0.31
0.284
0.326
0.313
0.238
0.286
0.323
0.325
0.305
0.248
0.34
0.252
0.281
0.285
0.302
0.332
0.29
0.261
0.345
0.343
0.309
0.229
0.328
0.317
0.283
0.249
0.281
0.274
0.301
0.332
0.33
0.252
0.209
0.337
0.318
0.272
0.253
0.322
0.33
0.327
0.345
0.316
0.319
0.306
0.23
0.287
0.286
0.287
0.302
0.273
0.308
0.239
0.294
0.202
0.32
0.313
0.258
0.202
0.335
0.307
0.33
0.314
0.315
0.32
0.328
0.312
0.253
0.344
0.309
0.332
0.314
0.302
0.296
0.263
0.33
0.319
0.292
0.236
0.25
0.338
0.294
0.309
0.216
0.337
0.307
0.339
0.296
0.307
0.336
0.311
0.278
0.314
0.297
0.316
0.312
0.113
0.307
0.317
0.334
0.33
0.329
0.287
0.276
0.285
0.322
0.249
0.331
0.236
0.259
0.197
0.212
0.315
0.317
0.23
0.299
0.248
0.316
0.235
0.318
0.333
0.329
0.273
0.285
0.154
0.255
0.343
0.159
0.305
0.309
0.345
0.314
0.275
0.266
0.342
0.298
0.323
0.184
0.305
0.326
0.288
0.315
0.316
0.073
0.25
0.167
0.303
0.286
0.321
0.319
0.281
0.301
0.287
0.322
0.195
0.309
0.319
0.16
0.29
0.296
0.314
0.275
0.108
0.191
0.317
0.345
0.316
0.273
0.34
0.227
0.246
0.271
0.327
0.116
0.275
0.315
0.171
0.336
0.267
0.322
0.302
0.319
0.304
0.335
0.256
0.316
0.291
0.315
0.32
0.334
0.285
0.307
0.222
0.29
0.295
0.327
0.276
0.235
0.324
0.259
0.248
0.071
0.308
0.34
0.111
0.315
0.336
0.184
0.297
0.33
0.156
0.245
0.296
0.313
0.253
0.327
0.297
0.301
0.321
0.205
0.271
0.325
0.291
0.288
0.287
0.331
0.171
0.306
0.183
0.331
0.331
0.267
0.336
0.261
0.23
0.34
0.345
0.318
0.345
0.287
0.329
0.113
0.311
0.296
0.314
0.316
0.213
0.14
0.275
0.308
0.222
0.321
0.312
0.316
0.324
0.326
0.295
0.331
0.273
0.31
0.344
0.232
0.338
0.329
0.273
0.321
0.317
0.245
0.319
0.31
0.313
0.325
0.313
0.243
0.336
0.301
0.327
0.145
0.309
0.227
0.311
0.303
0.303
0.288
0.213
0.305
0.24
0.307
0.316
0.296
0.267
0.303
0.298
0.343
0.262
0.329
0.344
0.34
0.35
0.31
0.331
0.312
0.262
0.286
0.325
0.272
0.335
0.3
0.278
0.286
0.313
0.32
0.343
0.287
0.277
0.32
0.34
0.277
0.306
0.303
0.324
0.313
0.324
0.297
0.304
0.223
0.295
0.294
0.186
0.292
0.261
0.285
0.297
0.27
0.231
0.269
0.282
0.188
0.228
0.291
0.269
0.298
0.292
0.249
0.266
0.301
0.24
0.252
0.255
0.28
0.308
0.241
0.267
0.28
0.279
0.213
0.276
0.295
0.29
0.293
0.226
0.313
0.285
0.177
0.258
0.281
0.298
0.318
0.288
0.287
0.291
0.256
0.298
0.293
0.276
0.235
0.274
0.282
0.283
0.312
0.269
0.265
0.202
0.313
0.195
0.279
0.186
0.309
0.286
0.277
0.278
0.308
0.269
0.18
0.305
0.133
0.298
0.282
0.128
0.297
0.275
0.308
0.31
0.244
0.278
0.262
0.279
0.166
0.232
0.212
0.317
0.302
0.285
0.173
0.294
0.287
0.277
0.282
0.27
0.267
0.267
0.291
0.241
0.214
0.182
0.206
0.237
0.288
0.269
0.227
0.261
0.199
0.172
0.246
0.25
0.292
0.291
0.31
0.267
0.168
0.21
0.264
0.301
0.291
0.293
0.265
0.244
0.273
0.177
0.302
0.295
0.275
0.306
0.113
0.297
0.296
0.216
0.305
0.294
0.292
0.173
0.239
0.292
0.21
0.293
0.244
0.283
0.257
0.223
0.247
0.258
0.241
0.296
0.213
0.286
0.266
0.286
0.237
0.29
0.294
0.128
0.295
0.222
0.28
0.269
0.285
0.285
0.293
0.302
0.244
0.294
0.31
0.263
0.265
0.297
0.156
0.301
0.293
0.27
0.291
0.292
0.306
0.239
0.302
0.209
0.228
0.238
0.286
0.277
0.223
0.244
0.284
0.286
0.276
0.227
0.264
0.268
0.302
0.255
0.226
0.202
0.303
0.157
0.277
0.277
0.163
0.289
0.237
0.287
0.198
0.232
0.293
0.171
0.258
0.271
0.22
0.293
0.294
0.283
0.077
0.173
0.195
0.281
0.311
0.27
0.301
0.248
0.317
0.281
0.299
0.214
0.293
0.28
0.239
0.239
0.301
0.239
0.307
0.217
0.288
0.215
0.27
0.292
0.224
0.284
0.209
0.241
0.245
0.098
0.197
0.242
0.168
0.212
0.308
0.292
0.284
0.286
0.246
0.28
0.197
0.298
0.303
0.281
0.256
0.156
0.206
0.269
0.234
0.224
0.287
0.224
0.243
0.153
0.284
0.253
0.3
0.298
0.286
0.19
0.316
0.307
0.256
0.135
0.316
0.227
0.302
0.28
0.276
0.255
0.266
0.295
0.221
0.241
0.288
0.283
0.265
0.301
0.224
0.267
0.301
0.292
0.291
0.22
0.308
0.285
0.274
0.286
0.262
0.26
0.295
0.29
0.22
0.237
0.268
0.216
0.279
0.281
0.304
0.24
0.297
0.245
0.151
0.288
0.279
0.272
0.282
0.071
0.282
0.29
0.271
0.262
0.257
0.267
0.278
0.268
0.297
0.253
0.305
0.271
0.273
0.28
0.183
0.3
0.284
0.284
0.291
0.266
0.211
0.307
0.285
0.314
0.25
0.271
0.282
0.291
0.234
0.271
0.295
0.279
0.199
0.275
0.236
0.276
0.29
0.302
0.293
0.3
0.264
0.31
0.278
0.008
0.269
0.264
0.3
0.261
0.223
0.302
0.283
0.232
0.289
0.236
0.247
0.3
0.294
0.148
0.303
0.172
0.277
0.277
0.279
0.264
0.234
0.166
0.224
0.157
0.139
0.219
0.306
0.264
0.171
0.26
0.264
0.289
0.307
0.223
0.233
0.305
0.293
0.316
0.251
0.294
0.23
0.274
0.273
0.194
0.281
0.248
0.208
0.301
0.155
0.3
0.279
0.225
0.313
0.303
0.239
0.31
0.3
0.214
0.254
0.286
0.282
0.28
0.285
0.263
0.304
0.288
0.25
0.31
0.284
0.294
0.281
0.159
0.221
0.182
0.221
0.303
0.26
0.234
0.286
0.276
0.234
0.261
0.301
0.223
0.177
0.296
0.213
0.296
0.212
0.283
0.295
0.274
0.208
0.289
0.19
0.288
0.246
0.278
0.278
0.196
0.22
0.26
0.224
0.264
0.274
0.249
0.192
0.283
0.287
0.281
0.265
0.292
0.18
0.191
0.288
0.226
0.163
0.117
0.182
0.219
0.27
0.306
0.294
0.289
0.274
0.287
0.288
0.307
0.273
0.272
0.298
0.273
0.29
0.134
0.288
0.215
0.233
0.315
0.144
0.308
0.276
0.248
0.276
0.282
0.275
0.27
0.317
0.275
0.258
0.171
0.297
0.308
0.173
0.269
0.274
0.27
0.264
0.21
0.247
0.289
0.291
0.246
0.266
0.25
0.23
0.257
0.277
0.264
0.248
0.291
0.244
0.312
0.286
0.302
0.307
0.27
0.243
0.304
0.291
0.294
0.313
0.267
0.282
0.307
0.216
0.187
0.256
0.288
0.235
0.287
0.284
0.285
0.2
0.301
0.23
0.24
0.216
0.274
0.287
0.253
0.228
0.234
0.246
0.219
0.23
0.25
0.291
0.256
0.186
0.292
0.186
0.306
0.246
0.289
0.294
0.251
0.299
0.257
-0.023
0.159
0.239
0.281
0.285
0.251
0.254
0.196
0.285
0.286
0.297
0.282
0.289
0.182
0.305
0.235
0.252
0.306
0.26
0.299
0.273
0.287
0.268
0.283
0.272
0.283
0.224
0.275
0.164
0.29
0.284
0.163
0.29
0.171
0.272
0.288
0.249
0.311
0.309
0.316
0.268
0.286
0.277
0.224
0.279
0.251
0.267
0.199
0.235
0.302
0.297
0.3
0.269
0.276
0.241
0.198
0.193
0.25
0.273
0.23
0.248
0.259
0.228
0.249
0.257
0.302
0.231
0.297
0.29
0.209
0.293
0.309
0.305
0.226
0.228
0.295
0.282
0.275
0.294
0.304
0.29
0.303
0.281
0.243
0.236
0.286
0.25
0.264
0.217
0.282
0.279
0.279
0.218
0.28
0.282
0.265
0.249
0.084
0.219
0.292
0.201
0.308
0.281
0.169
0.19
0.285
0.288
0.293
0.271
0.291
0.272
0.213
0.261
0.11
0.275
0.274
0.294
0.289
0.294
0.285
0.278
0.237
0.272
0.284
0.308
0.25
0.139
0.22
0.241
0.228
0.184
0.262
0.229
0.302
0.258
0.225
0.299
0.235
0.308
0.272
0.294
0.255
0.291
0.174
0.264
0.315
0.262
0.21
0.282
0.259
0.182
0.042
0.294
0.285
0.268
0.278
0.298
0.273
0.269
0.296
0.294
0.291
0.271
0.299
0.27
0.281
0.233
0.273
0.089
0.197
0.302
0.287
0.274
0.257
0.305
0.287
0.242
0.27
0.163
0.292
0.286
0.212
0.277
0.25
0.277
0.245
0.281
0.246
0.302
0.257
0.253
0.275
0.237
0.28
0.287
0.303
0.27
0.312
0.231
0.264
0.119
0.304
0.249
0.281
0.225
0.203
0.273
0.257
0.261
0.256
0.194
0.241
0.282
0.284
0.29
0.249
0.228
0.277
0.296
0.217
0.313
0.297
0.28
0.21
0.289
0.275
0.296
0.255
0.263
0.182
0.307
0.27
0.313
0.211
0.296
0.213
0.248
0.248
0.286
0.3
0.288
0.296
0.108
0.275
0.258
0.269
0.292
0.283
0.139
0.247
0.289
0.315
0.22
0.279
0.183
0.304
0.236
0.314
0.228
0.275
0.203
0.136
0.184
0.183
0.229
0.104
0.223
0.259
0.257
0.278
0.219
0.236
0.241
0.232
0.283
0.284
0.294
0.233
0.277
0.297
0.258
0.268
0.292
0.278
0.084
0.311
0.292
0.214
0.306
0.288
0.289
0.31
0.3
0.289
0.126
0.296
0.296
0.245
0.268
0.251
0.285
0.286
0.269
0.226
0.309
0.117
0.147
0.283
0.244
0.293
0.29
0.298
0.311
0.257
0.245
0.286
0.241
0.316
0.193
0.247
0.284
0.266
0.199
0.261
0.266
0.189
0.239
0.24
0.249
0.094
0.252
0.208
0.248
0.219
0.238
0.235
0.199
0.255
0.216
0.248
0.192
0.26
0.204
0.149
0.222
0.25
0.275
0.255
0.246
0.178
0.262
0.231
0.181
0.274
0.274
0.204
0.253
0.215
0.243
0.248
0.191
0.137
0.179
0.224
0.245
0.249
0.247
0.185
0.115
0.219
0.233
0.283
0.231
0.227
0.211
0.155
0.215
0.284
0.247
0.249
0.259
0.259
0.225
0.26
0.278
0.225
0.204
0.236
0.239
0.057
0.267
0.263
0.15
0.128
0.212
0.261
0.269
0.282
0.276
0.262
0.203
0.207
0.256
0.239
0.237
0.24
0.262
0.28
0.217
0.223
0.25
0.216
0.256
0.254
0.182
0.189
0.14
0.234
0.254
0.156
0.237
0.258
0.17
0.229
0.263
0.272
0.184
0.257
0.259
0.278
0.26
0.261
0.247
0.242
0.239
0.243
0.21
0.244
0.267
0.256
0.274
0.224
0.26
0.274
0.206
0.11
0.2
0.232
0.229
-0.018
0.233
0.281
0.255
0.25
0.211
0.225
0.225
0.241
0.207
0.12
0.23
0.204
0.268
0.182
0.246
0.248
0.27
0.148
0.268
0.244
0.242
0.255
0.277
0.243
0.273
0.191
0.237
0.162
0.227
0.162
0.159
0.273
0.263
0.269
0.231
0.216
0.175
0.245
0.251
0.234
0.252
0.184
0.245
0.263
0.205
0.224
0.205
0.139
0.245
0.215
0.256
0.147
0.208
0.243
0.249
0.172
0.262
0.21
0.212
0.218
0.235
0.205
0.189
0.208
0.061
0.258
0.255
0.179
0.234
0.202
0.254
0.167
0.244
0.164
0.272
0.247
0.245
0.167
0.258
0.27
0.208
0.205
0.275
0.256
0.274
0.236
0.249
0.244
0.269
0.258
0.252
0.196
0.182
0.272
0.245
0.186
0.24
0.152
0.222
0.258
0.227
0.26
0.115
0.259
0.274
0.282
0.24
0.229
0.125
0.128
0.202
0.218
0.229
0.216
0.253
0.147
0.273
0.245
0.245
0.254
0.24
0.231
0.281
0.234
0.212
0.231
0.26
0.27
0.221
0.107
0.27
0.266
0.266
0.249
0.232
0.252
0.243
0.254
0.218
0.249
0.273
0.249
0.189
0.204
0.254
0.166
0.21
0.27
0.261
0.247
0.229
0.158
0.197
0.213
0.257
0.222
0.267
0.216
0.229
0.203
0.226
0.178
0.269
0.228
0.269
0.244
0.207
0.256
0.236
0.237
0.243
0.215
0.188
0.266
0.226
0.068
0.249
0.261
0.268
0.248
0.249
0.184
0.239
0.252
0.236
0.179
0.196
0.194
0.237
0.259
0.214
0.276
0.251
0.227
0.196
0.263
0.254
0.229
0.218
0.221
0.252
0.247
0.239
0.284
0.251
0.142
0.281
0.23
0.275
0.261
0.269
0.229
0.275
0.205
0.189
0.218
0.228
0.211
0.242
0.273
0.253
0.109
0.261
0.245
0.238
0.055
0.198
0.224
0.235
0.25
0.25
0.174
0.232
0.124
0.156
0.266
0.172
0.16
0.183
0.263
0.263
0.262
0.231
0.248
0.191
0.239
0.154
0.258
0.267
0.261
0.243
0.262
0.271
0.243
0.205
0.189
0.25
0.239
0.232
0.271
0.147
0.263
0.281
0.243
0.269
0.159
0.212
0.157
0.188
0.245
0.263
0.263
0.21
0.239
0.252
0.245
0.263
0.239
0.177
0.24
0.232
0.264
0.233
0.175
0.193
0.265
0.202
0.247
0.182
0.262
0.224
0.204
0.235
0.215
0.242
0.246
0.25
0.104
0.249
0.255
0.224
0.256
0.227
0.251
0.278
0.129
0.23
0.252
0.269
0.226
0.221
0.116
0.208
0.249
0.176
0.221
0.209
0.23
0.092
0.24
0.119
0.245
0.241
0.249
0.274
0.216
0.143
0.227
0.228
0.262
0.267
0.266
0.198
0.232
0.26
0.128
0.232
0.13
0.244
0.155
0.241
0.128
0.16
0.252
0.241
0.208
0.162
0.269
0.237
0.159
0.217
0.251
0.233
0.084
0.223
0.245
0.23
0.211
0.262
0.245
0.258
0.239
0.254
0.174
0.28
0.216
0.181
0.223
0.232
0.273
0.248
0.253
0.264
0.232
0.247
0.246
0.265
0.242
0.225
0.238
0.258
0.257
0.151
0.225
0.27
0.208
0.256
0.199
0.246
0.226
0.087
0.246
0.158
0.261
0.252
0.146
0.143
0.248
0.233
0.233
0.263
0.258
0.225
0.235
0.232
0.096
0.141
0.228
0.267
0.257
0.256
0.233
0.219
0.264
0.271
0.22
0.195
0.238
0.226
0.275
0.166
0.234
0.227
0.199
0.213
0.133
0.215
0.218
0.247
0.267
0.246
0.247
0.268
0.162
0.262
0.193
0.163
0.261
0.256
0.252
0.227
0.209
0.22
0.261
0.188
0.221
0.16
0.214
0.251
0.241
0.167
0.023
0.174
0.248
0.206
0.219
0.248
0.256
0.24
0.229
0.223
0.21
0.264
0.135
0.211
0.236
0.214
0.234
0.239
0.257
0.215
0.123
0.182
0.234
0.277
0.206
0.248
0.258
0.254
0.242
0.243
0.241
0.247
0.268
0.2
0.276
0.007
0.255
0.242
0.254
0.084
0.252
0.257
0.271
0.266
0.172
0.242
0.169
0.231
0.261
0.265
0.271
0.276
0.184
0.238
0.267
0.218
0.21
0.27
0.284
0.281
0.221
0.235
0.239
0.203
0.272
0.258
0.186
0.232
0.12
0.246
0.24
0.269
0.242
0.203
0.247
0.239
0.247
0.255
0.166
0.25
0.264
0.257
0.239
0.265
0.192
0.245
0.221
0.218
0.219
0.208
0.203
0.259
0.268
0.259
0.265
0.25
0.225
0.18
0.258
0.244
0.276
0.242
0.215
0.219
0.244
0.112
0.274
0.216
0.273
0.256
0.248
0.259
0.23
0.256
0.161
0.26
0.261
0.24
0.197
0.196
0.264
0.262
0.273
0.265
0.27
0.233
0.204
0.267
0.234
0.256
0.255
0.286
0.283
0.188
0.241
0.093
0.106
0.278
0.255
0.113
0.245
0.244
0.279
0.168
0.184
0.265
0.254
0.168
0.249
0.161
0.203
0.209
-0.015
0.213
0.262
0.276
0.244
0.167
0.256
0.202
0.27
0.254
0.193
0.265
0.254
0.265
0.247
0.272
0.253
0.245
0.259
0.232
0.213
0.248
0.232
0.243
0.257
0.226
0.234
0.201
0.23
0.261
0.247
0.236
0.267
0.252
0.218
0.255
0.238
0.204
0.28
0.241
0.281
0.174
0.183
0.248
0.278
0.275
0.261
0.242
0.262
0.229
0.122
0.266
0.207
0.228
0.208
0.141
0.267
0.264
0.23
0.234
0.234
0.267
0.255
0.245
0.214
0.19
0.229
0.275
0.214
0.216
0.206
0.234
0.242
0.219
0.145
0.229
0.195
0.27
0.283
0.252
0.186
0.26
0.233
0.251
0.255
0.26
0.225
0.262
0.278
0.246
0.226
0.255
0.242
0.256
0.26
0.271
0.182
0.245
0.151
0.243
0.252
0.215
0.269
0.192
0.227
0.185
0.241
0.182
0.175
0.183
0.218
0.166
0.274
0.264
0.262
0.273
0.23
0.125
0.241
0.204
0.253
0.256
0.251
0.229
0.254
0.253
0.161
0.267
0.231
0.196
0.209
0.209
0.25
0.148
0.225
0.161
0.207
0.254
0.22
0.236
0.268
0.265
0.25
0.254
0.238
0.191
0.233
0.278
0.208
0.284
0.185
0.099
0.251
0.099
0.227
0.236
0.263
0.221
0.191
0.146
0.255
0.247
0.203
0.195
0.225
0.199
0.227
0.18
0.219
0.143
0.183
0.172
0.236
0.224
0.239
0.232
0.202
0.229
0.068
0.194
0.246
0.141
0.224
0.203
0.207
0.229
0.236
0.207
0.215
0.2
0.061
0.237
0.222
0.201
0.205
0.109
0.189
0.23
0.231
0.213
0.174
0.23
0.142
0.172
0.211
0.231
0.213
0.168
0.239
0.093
0.17
0.244
0.143
0.1
0.191
0.198
0.235
0.195
0.147
0.183
0.245
0.157
0.191
0.209
0.224
0.245
0.221
0.041
0.218
0.181
0.217
0.226
0.161
0.219
0.122
0.213
0.19
0.222
0.041
0.202
0.212
0.146
0.189
0.23
0.162
0.229
0.201
0.251
0.109
0.22
0.169
0.228
0.243
0.225
0.21
0.206
0.207
0.142
0.209
0.179
0.2
0.233
0.167
0.205
0.195
0.162
0.182
0.225
0.237
0.188
0.2
0.224
0.207
0.21
0.229
0.226
0.209
0.111
0.22
0.226
0.232
0.239
0.193
0.213
0.206
0.244
0.226
0.224
0.14
0.209
0.161
0.2
0.216
0.194
0.145
0.251
0.194
0.207
0.252
0.205
0.243
0.19
0.18
0.184
0.038
0.238
0.145
0.202
0.249
0.218
0.075
0.222
0.233
0.204
0.072
0.158
0.188
0.242
0.14
0.221
0.194
0.17
0.072
0.252
0.2
0.157
0.247
0.068
0.23
0.243
0.212
0.213
0.149
0.224
0.245
0.143
0.202
0.243
0.221
0.189
0.235
0.232
0.252
0.203
0.139
0.237
0.226
0.209
0.255
0.212
0.024
0.191
0.233
0.096
0.183
0.209
0.18
0.164
0.216
0.236
0.146
0.075
0.185
0.17
0.233
0.149
0.2
0.192
0.139
0.233
0.21
0.237
0.208
0.206
0.156
0.224
0.218
0.219
0.195
0.217
0.201
0.177
0.1
0.209
0.197
0.207
0.225
0.211
0.23
0.216
0.186
0.232
0.226
0.221
0.225
0.187
0.236
0.2
0.216
0.043
0.175
0.17
0.219
0.227
0.244
0.241
0.228
0.198
0.235
0.067
0.224
0.154
0.193
0.082
0.229
0.215
0.199
0.23
0.178
0.128
0.153
0.227
0.242
0.223
0.185
0.242
0.228
0.192
0.17
0.218
0.207
0.213
0.228
0.139
0.216
0.207
0.136
0.169
0.222
0.23
0.186
0.221
0.244
0.208
0.243
0.217
0.179
0.169
0.173
0.199
0.189
0.208
0.123
0.162
0.124
0.196
0.144
0.083
0.235
0.183
0.204
0.171
0.245
0.125
0.196
0.197
0.223
0.196
0.227
0.174
0.184
0.231
0.116
0.17
0.212
0.23
0.242
0.216
0.147
0.17
0.166
0.192
0.221
0.186
0.214
0.236
0.232
0.215
0.221
0.21
0.124
0.171
0.237
0.232
0.197
0.167
0.197
0.242
0.219
0.242
0.097
0.224
0.217
0.147
0.164
0.189
0.255
0.109
0.013
0.14
0.161
0.164
0.22
0.241
0.221
0.19
0.214
0.186
0.09
0.145
0.241
0.137
0.175
0.222
0.09
0.201
0.147
0.195
0.208
0.233
0.169
0.186
0.233
0.241
0.217
0.111
0.174
0.215
0.129
0.171
0.212
0.183
0.208
0.148
0.134
0.237
0.214
0.229
0.198
0.217
0.214
0.183
0.208
0.093
0.164
0.205
0.211
0.198
0.247
0.009
0.162
0.136
0.191
0.123
0.153
0.249
0.144
0.184
0.207
0.179
0.214
0.146
0.198
0.161
0.193
0.21
0.135
0.231
0.164
0.191
0.162
0.229
0.229
0.238
0.078
0.226
0.174
0.224
0.151
0.185
0.228
0.192
0.182
0.15
0.22
0.19
0.124
0.218
0.221
0.203
0.225
0.206
0.235
0.189
0.211
0.245
0.085
0.229
0.218
0.184
0.162
0.216
0.187
0.231
0.226
0.171
0.232
0.248
0.241
0.243
0.14
0.213
0.201
0.188
0.214
0.242
0.223
0.239
0.194
0.218
0.209
0.169
0.173
0.098
0.201
0.216
0.241
0.218
0.218
0.203
0.22
0.221
0.188
0.149
0.224
0.253
0.21
0.175
0.245
0.195
0.131
0.245
0.103
0.196
0.205
0.237
0.155
0.156
0.218
0.223
0.231
0.062
0.231
0.123
0.1
0.18
0.225
0.082
0.231
0.215
0.229
0.224
0.148
0.139
0.226
0.212
0.128
0.131
0.245
0.24
0.217
0.233
0.229
0.21
0.203
0.161
0.181
0.199
0.193
0.243
0.09
0.194
0.255
0.234
0.209
0.092
0.244
0.205
0.136
0.217
0.237
0.233
0.165
0.252
0.232
0.244
0.208
0.226
0.045
0.226
0.241
0.194
0.201
0.213
0.058
0.25
0.232
0.199
0.188
0.191
0.184
0.193
0.213
0.182
0.178
0.133
0.195
0.146
0.212
0.202
0.213
0.174
0.145
0.023
0.164
0.247
0.25
0.235
0.218
0.225
0.196
0.232
0.192
0.243
0.171
0.21
0.237
0.155
0.226
0.171
0.196
0.154
0.203
0.117
0.188
0.243
0.15
0.232
0.237
0.211
0.158
0.224
0.213
0.19
0.231
0.24
0.177
0.223
0.218
0.139
0.223
0.154
0.216
0.095
0.241
0.051
0.208
0.222
0.17
0.198
0.227
0.208
0.203
0.203
0.231
0.237
0.18
0.226
0.211
0.185
0.199
0.227
0.228
0.135
0.179
0.234
0.041
0.221
0.187
0.234
0.207
0.226
0.233
0.191
0.222
0.251
0.202
0.202
0.215
0.213
0.222
0.215
0.167
0.169
0.139
0.231
0.061
0.216
0.229
0.229
0.225
0.244
0.229
0.229
0.245
0.233
0.194
0.188
0.207
0.239
0.055
0.205
0.216
0.204
0.199
0.208
0.219
0.245
0.176
0.203
0.208
0.217
0.206
0.217
0.247
0.207
0.235
0.197
0.124
0.201
-0.055
0.044
0.209
0.25
0.245
-0.011
0.255
0.149
0.23
0.238
0.166
0.15
0.192
0.209
0.216
0.102
0.199
0.202
0.196
0.242
0.153
0.141
0.223
0.237
0.25
0.116
0.214
0.187
0.162
0.162
0.168
0.167
0.176
0.228
0.16
0.25
0.251
0.158
0.141
0.223
0.234
0.198
0.237
0.197
0.223
0.191
0.213
0.193
0.232
0.231
0.176
0.155
0.234
0.245
0.099
0.228
0.076
0.224
0.082
0.166
0.25
0.179
0.189
0.153
0.176
0.195
0.144
0.162
0.227
0.187
0.215
0.203
0.22
0.225
0.242
0.215
0.255
0.197
0.222
0.232
0.139
0.156
0.146
0.244
0.163
0.143
0.216
0.168
0.238
0.223
0.19
0.232
0.131
0.236
0.233
0.176
0.175
0.097
0.209
0.237
0.199
0.186
0.207
0.235
0.229
0.19
0.185
0.227
0.239
0.161
0.234
0.249
0.202
0.238
0.236
0.213
0.077
0.224
0.221
0.234
0.182
0.255
0.242
0.211
0.235
0.219
0.237
0.245
0.224
0.176
0.224
0.114
0.223
0.07
0.247
0.191
0.207
0.167
0.181
0.152
0.209
0.108
0.067
0.229
0.245
0.227
0.17
0.24
0.191
0.242
0.25
0.22
0.242
0.235
0.196
0.218
0.187
0.132
0.2
0.156
0.205
0.082
0.182
0.238
0.118
0.158
0.205
0.201
0.21
0.209
0.204
0.236
0.218
0.227
0.206
0.238
0.193
0.23
0.222
0.226
0.215
0.214
0.221
0.23
0.173
0.115
0.162
0.22
0.165
0.2
0.216
0.209
0.208
0.223
0.232
0.156
0.235
0.131
0.212
0.22
0.22
0.18
0.208
0.169
0.236
0.167
0.222
0.176
0.214
0.191
0.156
0.168
0.179
0.198
0.196
0.189
0.127
0.184
0.191
0.202
0.123
0.151
0.141
0.122
0.203
0.217
0.165
0.182
0.089
0.193
0.17
0.196
0.128
0.189
0.219
0.116
0.185
0.18
0.07
0.163
0.18
0.202
0.215
0.173
0.124
0.107
0.207
0.195
0.192
0.22
0.202
0.112
0.145
0.181
0.102
0.184
0.163
0.129
0.177
0.208
0.211
0.178
0.204
0.205
0.183
0.192
0.196
0.144
0.042
0.212
0.13
0.19
0.186
0.114
0.205
0.192
0.152
0.188
0.153
0.11
0.185
0.161
0.13
0.193
0.109
0.154
0.179
0.187
0.18
0.205
0.168
0.166
0.148
0.17
0.177
0.208
0.169
0.106
0.095
0.149
0.197
0.159
0.214
0.19
0.182
0.195
0.124
0.19
0.189
0.183
0.191
0.172
0.217
0.051
0.163
0.082
0.171
0.2
0.2
0.193
0.175
0.114
0.166
0.203
0.19
0.213
0.185
0.207
0.092
0.205
0.142
0.093
0.075
0.121
0.172
0.171
0.085
0.198
0.148
0.188
0.145
0.083
0.091
0.165
0.089
0.178
0.152
0.159
0.091
0.018
0.156
0.17
0.12
0.197
0.17
0.206
0.218
0.027
0.185
0.223
0.209
0.194
0.09
0.196
0.19
0.184
0.165
0.218
0.183
0.177
0.18
0.209
0.178
0.188
0.107
0.194
0.093
0.187
0.13
0.14
0.159
0.191
0.179
0.176
0.159
0.073
0.148
0.146
0.067
0.21
0.144
0.214
0.177
0.161
0.184
0.169
0.112
0.08
0.157
0.177
0.178
0.213
0.154
0.144
0.175
0.188
0.221
0.189
0.217
0.118
0.196
0.179
0.186
0.182
0.038
0.119
0.183
0.153
0.174
0.187
0.161
0.2
0.174
0.188
0.152
0.148
0.158
0.153
0.151
0.201
0.205
0.207
0.188
0.164
0.149
0.158
0.2
0.139
0.109
0.193
0.152
0.103
0.217
0.185
0.117
0.11
0.157
0.182
0.192
0.195
0.161
0.174
0.19
0.203
0.206
0.091
0.071
0.199
0.026
0.09
0.156
0.151
0.152
0.198
0.133
0.171
0.197
0.193
0.178
0.199
0.212
0.203
0.185
0.101
0.185
0.197
0.196
0.179
0.197
0.161
0.214
0.165
0.127
0.192
0.121
0.135
0.197
0.153
0.221
0.184
0.151
0.15
0.074
0.197
0.121
0.127
0.013
0.191
0.101
0.194
0.198
0.116
0.164
0.143
0.125
0.143
-0.006
0.21
0.18
0.194
0.169
0.199
0.083
0.172
0.148
0.146
0.2
0.197
0.168
0.196
0.188
0.199
0.099
0.203
0.167
0.13
0.22
0.182
0.122
0.035
0.125
0.217
0.102
0.19
0.13
0.151
0.186
0.128
0.151
0.17
0.209
0.19
0.153
0.083
0.2
0.174
0.148
0.208
0.175
0.202
0.17
0.07
0.174
0.168
0.182
0.081
0.194
0.176
0.171
0.215
0.185
0.194
0.207
0.199
0.144
0.193
0.13
0.112
0.127
0.167
0.189
0.14
0.202
0.199
0.144
0.211
0.176
0.192
0.192
0.199
0.155
0.204
0.208
0.211
0.177
0.195
0.196
0.084
0.162
0.173
0.2
0.194
0.145
0.182
0.2
0.164
0.183
0.198
0.185
0.2
0.169
0.166
0.071
0.131
0.132
0.159
0.074
0.202
0.204
0.201
0.169
0.093
0.18
0.143
0.223
0.197
0.218
0.196
0.067
0.143
0.174
0.19
0.144
0.189
0.179
0.104
0.151
0.209
0.182
0.104
0.152
0.194
0.126
0.187
0.133
0.19
0.166
0.191
0.156
0.147
0.157
0.177
0.192
0.194
0.176
0.196
0.186
0.144
0.188
0.193
0.201
0.184
0.199
0.157
0.156
0.21
0.189
0.171
0.194
0.117
0.181
0.129
0.118
0.199
0.19
0.164
0.16
0.137
0.148
0.202
0.166
0.172
0.105
0.132
0.095
0.175
0.202
0.199
0.201
0.195
0.15
0.174
0.174
0.134
0.189
0.045
0.168
0.143
0.216
0.185
0.214
0.201
0.188
0.181
0.155
0.138
0.212
0.176
0.196
0.139
0.023
0.037
0.157
0.125
0.174
0.153
0.203
0.138
0.202
0.203
0.193
0.138
0.107
0.202
0.186
0.135
0.171
0.081
0.049
0.063
0.207
0.067
0.204
0.202
0.2
0.111
0.028
0.184
0.2
0.197
0.211
0.194
0.195
0.121
0.198
0.175
0.184
0.17
0.198
0.152
0.179
0.196
0.192
0.167
0.172
0.176
0.205
0.217
0.173
0.201
0.154
0.187
0.2
0.138
0.188
-0.009
0.145
0.047
0.198
0.108
0.196
0.143
0.103
0.018
0.199
0.193
0.17
0.173
0.154
0.207
0.2
0.195
0.156
0.164
0.174
0.195
0.055
0.164
0.21
0.189
0.191
0.17
0.178
0.16
0.181
0.207
0.158
0.19
0.223
0.197
0.201
0.195
0.145
0.213
0.213
0.109
0.181
0.146
0.191
0.213
0.156
0.215
0.134
0.176
0.158
0.184
0.196
0.197
0.201
0.185
0.158
0.123
0.204
0.201
0.204
0.218
0.129
0.162
0.217
0.097
0.158
0.188
0.169
0.144
0.173
0.158
0.212
0.201
0.22
0.199
0.21
0.15
0.188
0.122
0.203
0.218
0.219
0.205
0.191
0.196
0.129
0.139
0.215
0.089
0.198
0.193
0.201
0.086
0.027
0.195
0.129
0.163
0.188
0.171
0.173
0.144
0.201
0.149
0.077
0.197
0.008
0.218
0.145
0.187
0.075
0.152
0.179
0.216
0.216
0.17
0.187
0.055
0.175
0.176
0.095
0.179
0.161
0.101
0.191
0.165
0.183
0.188
0.176
0.148
0.128
0.21
0.151
0.16
0.218
0.142
0.161
0.212
0.167
0.046
0.209
0.184
0.174
0.2
0.172
0.189
0.192
0.167
0.167
0.158
0.178
0.217
0.182
0.196
0.184
0.196
0.184
0.167
0.187
0.159
0.203
0.194
0.13
0.207
0.087
0.143
0.102
0.194
0.057
0.162
0.189
0.203
0.105
0.077
0.21
0.195
0.195
0.169
0.134
0.167
0.184
0.183
0.159
0.155
0.183
0.214
0.101
0.159
0.158
0.2
0.206
0.082
0.141
0.19
0.149
0.116
0.095
0.201
0.121
0.177
0.15
0.062
0.2
0.162
0.186
0.156
0.162
0.152
0.17
0.181
0.217
0.143
0.117
0.144
0.181
0.14
0.167
0.093
0.171
0.21
0.202
0.181
0.113
0.198
0.202
0.149
0.203
0.183
0.12
0.203
0.156
0.157
0.211
0.021
0.2
0.204
0.164
0.1
0.068
0.186
0.193
0.025
0.009
0.152
0.202
0.129
0.181
0.197
0.199
0.196
0.172
0.176
0.187
0.159
0.22
0.061
0.022
0.179
0.116
0.19
0.081
0.177
0.207
0.098
0.175
0.185
0.161
0.162
0.199
0.129
0.153
0.204
0.12
0.171
0.209
0.215
0.174
0.194
0.188
0.128
0.1
0.161
0.2
0.19
0.177
0.195
0.207
0.197
0.168
0.221
0.192
0.158
0.171
0.168
0.186
0.193
0.193
0.194
0.153
0.199
0.054
0.195
0.164
0.149
0.21
0.137
0.135
0.19
0.192
-0.002
0.208
0.195
0.185
0.172
0.188
0.095
0.213
0.158
0.204
0.147
0.148
0.165
0.2
0.206
0.212
0.095
0.172
0.213
0.193
0.202
0.181
0.217
0.173
0.197
0.132
0.189
0.222
0.153
0.108
0.156
0.114
0.168
0.153
0.181
0.096
0.031
0.156
0.063
0.115
0.167
0.135
0.157
0.064
0.18
0.129
0.158
0.177
0.179
0.185
0.102
0.172
0.163
0.167
0.001
0.094
0.165
0.133
0.103
0.158
0.166
0.078
0.05
0.148
0.134
0.089
0.138
0.151
0.158
0.055
0.169
0.062
0.098
0.156
0.155
0.072
0.174
0.138
0.165
0.159
0.127
0.165
0.134
0.162
0.172
0.145
0.089
0.174
0.156
0.141
0.125
0.158
0.138
0.117
0.038
0.155
0.127
0.123
0.093
0.157
0.142
0.183
0.171
0.145
0.141
0.16
0.113
0.184
0.161
0.181
0.112
0.165
0.151
0.111
0.141
0.168
0.147
0.097
0.164
0.166
0.158
0.121
0.135
0.185
0.138
0.098
0.141
0.173
0.143
0.13
0.112
0.129
0.116
0
0.186
0.146
0.157
0.098
0.166
0.149
0.11
0.187
0.188
0.159
0.133
0.134
0.165
0.167
0.162
0.126
0.139
0.08
0.164
0.182
0.179
0.076
0.018
0.124
0.183
0.136
0.152
0.132
0.155
0.154
0.131
0.146
0.134
0.095
0.162
0.102
0.157
0.081
0.152
0.162
0.142
0.161
0.107
0.063
0.159
0.134
0.162
0.157
0.119
0.148
0.142
0.142
0.141
0.18
0.13
0.185
0.133
0.148
0.145
0.108
0.041
0.095
0.166
0.099
0.191
0.174
0.156
-0.01
0.174
0.086
0.163
0.119
0.053
0.162
0.146
0.142
0.128
0.008
0.112
0.169
0.137
0.179
0.064
0.061
0.165
0.155
0.169
0.048
0.115
0.154
0.125
0.116
0.152
-0.014
0.127
0.15
0.183
0.069
0.151
0.164
0.123
0.141
0.095
0.143
0.095
0.151
0.161
0.151
0.139
0.095
0.112
0.063
0.18
0.139
0.103
0.15
0.172
0.111
0.16
0.022
0.162
0.164
0.108
0.147
0.172
0.156
0.106
0.162
0.15
0.156
0.164
0.124
0.163
0.137
0.156
0.11
0.129
0.058
0.16
0.142
0.134
0.173
0.122
0.157
0.078
0.185
0.166
0.141
0.149
0.154
0.058
0.15
0.177
0.136
0.127
0.138
0.144
0.114
0.111
0.137
0.163
0.105
0.181
0.165
0.166
0.13
0.021
0.178
0.121
0.181
0.116
0.172
0.162
0.165
0.13
0.153
0.023
0.122
0.173
0.158
0.144
0.14
0.183
0.165
0.06
0.167
0.092
0.135
0.122
0.163
0.032
0.167
0.116
0.128
0.157
0.077
0.14
0.144
0.142
0.14
0.143
0.181
0.151
0.154
0.14
0.155
0.182
0.152
0.149
0.132
0.157
0.058
0.121
0.161
0.077
0.043
0.163
0.155
0.125
0.165
0.085
0.125
0.17
0.12
0.146
0.125
0.142
0.104
0.038
0.159
0.141
0.156
0.178
0.122
0.09
0.117
0.1
0.101
0.153
0.171
0.141
0.148
0.167
0.169
0.137
0.179
0.168
0.122
0.138
0.095
0.067
0.166
0.151
0.154
0.16
0.094
0.076
0.139
0.119
0.103
0.13
0.168
0.159
0.103
0.123
0.172
0.15
0.154
0.067
0.128
0.116
0.158
0.186
0.078
0.165
0.122
0.018
0.138
0.147
0.159
0.158
0.165
0.048
0.097
0.112
0.161
0.144
0.142
0.138
0.149
0.15
0.181
0.154
0.136
0.01
0.187
0.112
0.158
0.147
0.134
0.166
0.18
0.007
0.16
0.181
0.137
0.067
0.168
0.059
0.152
0.126
0.173
0.083
0.13
0.045
0.145
0.129
0.139
0.163
0.179
0.088
0.146
0.164
0.153
0.164
0.172
0.148
0.051
0.116
0.107
0.131
0.064
0.179
0.136
0.167
0.167
0.043
0.169
0.173
0.093
0.159
0.02
0.168
0.153
0.143
0.191
0.049
0.152
0.138
0.169
0.168
0.14
0.118
0.118
0.117
0.082
0.175
0.176
0.091
0.076
0.088
0.156
0.107
0.096
0.077
0.097
0.166
0.079
0.099
0.145
0.129
0.166
0.156
0.098
0.112
0.057
0.097
0.125
0.16
0.16
0.128
0.163
0.105
0.164
0.169
0.134
0.16
0.151
0.148
0.179
0.168
0.168
0.141
0.042
0.17
0.143
0.102
0.144
0.158
0.123
0.113
0.044
0.163
0.179
0.111
0.114
0.139
0.158
0.186
0.107
0.155
0.133
0.166
0.117
0.151
0.126
0.181
0.111
0.142
0.156
0.178
0.188
0.153
0.15
0.17
0.178
0.104
0.125
0.138
0.154
0.134
0.139
0.139
0.162
0.146
0.136
0.127
0.127
0.159
0.141
0.129
0.186
0.156
0.171
0.107
0.143
0.137
0.119
0.152
0.157
0.166
0.132
0.184
0.157
0.183
0.154
0.174
0.094
0.149
0.119
0.135
0.082
0.061
0.159
0.166
0.13
0.118
0.087
0.181
0.145
0.072
0.144
0.155
0.14
0.098
0.159
0.174
0.157
0.13
0.141
0.147
0.101
0.132
0.069
0.166
0.16
0.168
0.161
0.128
0.119
0.124
0.133
0.125
0.11
0.173
0.144
0.141
0.061
0.161
0.189
0.109
0.075
0.151
0.151
0.125
0.151
0.059
0.13
0.143
0.149
0.161
0.082
0.175
0.085
0.121
0.146
0.165
0.086
0.144
0.177
0.151
0.158
0.112
0.163
0.167
0.122
0.136
0.142
0.141
0.175
0.136
0.152
0.186
0.167
0.061
0.116
0.118
0.1
0.142
0.173
0.176
0.124
0.173
0.154
0.135
0.071
0.107
0.032
0.122
0.153
0.189
0.163
0.146
0.107
0.121
0.149
0.156
0.144
0.172
0.173
0.154
0.073
0.161
0.147
0.159
0.141
0.176
0.11
0.168
0.148
0.08
0.148
0.163
0.17
0.028
0.094
0.049
0.126
0.17
0.03
0.163
0.15
0.132
0.123
0.176
0.168
0.154
0.179
0.135
0.147
0.136
0.143
0.187
0.167
0.163
0.161
0.106
0.071
0.098
0.158
0.114
0.169
0.098
0.142
0.162
0.14
0.148
0.183
0.142
0.175
0.117
0.178
0.158
0.103
0.159
0.137
0.182
0.123
0.048
0.122
0.116
0.175
0.107
0.1
0.145
0.158
0.149
0.176
0.082
0.102
0.154
0.135
0.087
0.16
0.181
0.135
0.134
-0.022
0.186
0.1
0.134
0.17
0.177
0.148
0.129
0.112
0.136
0.166
0.117
0.147
0.094
0.173
0.175
0.114
0.155
0.172
0.147
0.132
0.182
0.163
0.107
0.155
0.087
0.095
0.142
0.094
0.165
0.155
0.113
0.152
0.014
0.151
0.077
0.159
0.174
0.163
0.099
0.111
0.128
0.125
0.167
0.161
0.136
0.182
0.153
0.077
0.16
0.138
0.134
0.148
0.141
0.164
0.069
0.17
0.187
0.157
0.16
0.156
0.142
0.07
0.184
0.125
0.157
0.182
0.118
0.135
0.153
0.156
0.161
0.188
0.185
0.167
0.152
0.122
0.154
0.135
0.128
0.14
0.186
0.167
0.164
0.129
0.169
0.07
0.106
0.162
0.143
0.009
0.068
0.191
0.058
0.178
0.122
0.165
0.168
0.16
0.057
0.159
0.086
0.168
0.15
0.047
0.141
0.179
0.14
0.113
0.103
0.178
0.148
0.041
0.152
0.152
0.153
0.154
0.168
0.162
0.056
0.135
0.166
0.083
0.132
0.173
0.096
0.144
0.137
0.065
0.128
0.148
0.171
0.127
0.149
0.077
0.143
0.161
0.177
0.158
0.083
0.047
0.142
0.15
0.081
0.129
0.099
0.132
0.153
0.088
0.014
0.087
-0.013
0.08
0.139
0.141
0.1
0.108
0.07
0.116
0.128
0.139
0.035
0.025
0.064
0.066
0.108
0.064
0.042
0.101
0.094
0.082
0.095
0.064
0.102
0.145
0.125
0.067
0.137
0.136
0.101
0.122
-0.021
0.102
0.138
0.102
0.096
0.154
0.102
0.127
0.121
0.097
0.125
0.116
0.105
0.074
0.109
0.066
0.129
0.14
0.097
0.141
0.066
0.14
0.124
0.122
0.144
0.127
0.12
0.115
0.109
0.119
0.155
0.106
0.051
0.086
0.121
0.143
0.112
0.143
0.096
0.09
0.097
0.087
0.121
-0.006
0.1
0.108
0.138
0.085
0.116
0.136
0.131
0.117
0.089
0.033
0.138
0.124
0.067
0.151
0.068
0.141
0.14
0.16
0.086
0.122
0.134
0.117
0.131
0.139
0.127
0.102
-0.003
0.115
0.095
0.081
0.132
0.128
0.105
0.138
0.128
0.13
0.136
0.116
0.139
0.129
0.158
0.117
0.145
0.138
0.126
0.144
0.082
0.065
0.132
0.133
0.09
0.116
0.136
0.14
0.147
0.098
0.1
0.123
0.086
0.082
0.119
0.14
0.14
0.108
0.146
0.136
0.109
0.111
0.092
0.105
0.053
0.1
0.069
0.124
0.069
0.116
0.142
0.054
0.115
0.051
0.118
0.056
0.103
0.105
0.051
0.123
0.091
0.12
0.078
0.042
0.109
0.141
0.131
0.099
0.072
0.109
0.113
0.136
0.108
0.157
0.153
0.084
0.054
0.1
0.04
0.073
0.13
0.081
0.14
-0.026
0.115
0.101
0.129
0.117
0.11
0.13
0.007
0.128
0.07
0.097
0.114
0.129
0.114
0.104
0.051
0.123
0.15
0.135
0.119
0.143
0.135
0.142
0.043
0.028
0.06
0.149
0.104
0.138
0.141
0.131
0.069
0.106
0.109
0.109
0.072
0.092
0.071
0.119
0.141
0.152
0.071
0.133
0.1
0.092
0.129
0.058
0.134
0.089
0.141
0.147
0.09
0.121
0.134
0.082
0.151
0.121
0.135
0.128
0.131
0.1
0.006
0.009
0.15
0.127
0.103
0.133
0.138
0.154
0.121
0.128
0.125
0.034
0.075
0.141
0.124
0.112
0.146
0.153
0.082
0.13
0.079
0.097
0.121
0.139
0.062
0.08
0.138
0.122
0.127
0.123
0.129
0.115
0.112
0.008
0.129
0.052
0.118
0.154
0.142
0.113
0.118
0.134
0.144
0.125
0.123
0.046
0.099
0.116
0.09
0.139
0.118
0.111
0.102
0.092
0.082
0.131
0.132
0.079
0.088
0.124
0.055
0.084
0.077
0.141
0.089
0.149
0.133
0.016
0.095
0.12
0.143
0.035
0.037
0.1
0.056
0.121
0.126
0.111
0.093
0.11
0.13
0.144
0.119
0.07
0.092
0.111
0.074
0.102
0.118
0.123
0.131
0.075
0.154
0.142
0.13
0.142
0.113
0.108
0.046
0.073
0.118
0.076
0.103
0.127
0.103
0.144
0.122
0.148
0.011
0.082
0.149
0.126
-0.01
0.028
0.136
0.102
0.097
0.108
0.024
0.088
0.073
0.127
0.099
0.031
0.099
-0.018
0.135
0.147
0.109
0.144
0.057
0.051
0.089
0.102
0.154
0.113
0.055
0.115
0.132
0.078
0.146
0.117
0.155
0.134
0.133
0.13
0.102
0.141
0.105
0.102
0.096
0.11
0.063
0.145
0.135
0.106
0.145
0.104
0.123
0.116
0.118
0.113
0.118
0.127
0.051
0.11
0.105
0.093
0.063
0.075
0.103
0.018
0.127
0.128
0.091
0.093
0.086
0.1
0.138
0.135
0.119
0.115
0.138
0.095
0.067
0.107
0.055
0.126
0.137
0.135
0.099
0.119
0.037
0.138
0.104
0.115
0.133
0.125
0.115
0.143
0.115
0.02
0.126
0.147
0.109
0.057
0.068
0.112
0.125
0.141
0.134
0.132
0.095
0.051
0.032
0.12
0.149
0.069
0.139
0.045
0.087
0.107
0.125
0.125
0.121
0.12
0.114
-0.038
0.082
0.138
0.038
0.122
0.134
0.144
0.15
0.002
0.124
0.156
0.148
0.133
-0.039
0.129
0.091
0.133
0.149
0.12
0.035
0.124
0.112
0.097
0.138
0.09
0.091
0.132
0.117
0.101
0.137
0.082
0.096
0.138
0.148
0.023
0.034
0.131
0.037
0.123
0.146
0.128
0.126
0.131
0.128
0.153
0.135
0.114
0.111
0.135
0.028
0.059
0.144
0.088
0.068
0.106
0.135
0.139
0.126
0.142
0.133
0.056
0.118
0.152
0.069
0.146
0.122
0.067
0.126
0.104
0.072
0.125
0.141
0.058
0.119
0.132
0.14
0.05
0.07
0.147
0.086
0.1
0.032
0.069
0.117
0.104
0.108
0.12
0.153
0.081
0.088
0.157
0.089
0.148
0.148
0.126
0.133
0.139
0.116
0.129
-0.009
0.153
0.117
0.131
0.156
0.141
0.133
0.136
0.121
0.069
0.087
0.152
0.112
0.121
0.076
0.157
0.097
0.067
0.064
0.113
0.127
0.131
0.092
0.119
0.142
0.16
0.14
0.131
0.116
0.14
0.127
0.091
0.105
0.132
0.104
0.092
0.118
0.105
0.131
0.098
0.152
0.118
0.114
0.149
0.131
0.114
0.009
0.105
0.14
0.114
0.145
0.151
0.107
0.066
0.138
0.108
0.064
0.11
0.136
0.052
0.112
0.133
0.131
0.098
0.108
0.136
0.153
0.127
0.145
0.144
0.093
0.097
0.132
-0.046
0.037
0.15
0.087
0.154
0.094
0.096
0.142
0.14
0.124
0.11
0.081
0.141
0.13
0.098
0.108
0.151
0.156
0.112
0.12
0.085
0.135
0.116
0.142
0.125
0.091
0.126
0.107
0.122
0.09
0.095
0.105
0.108
0.054
0.135
0.096
0.125
0.04
0.045
0.101
0.137
0.127
0.133
0.109
0.087
0.144
0.127
0.105
0.138
0.096
0.138
0.045
0.083
0.013
0.142
0.103
0.152
0.058
0.109
0.123
0.103
0.129
0.119
0.097
0.076
0.036
0.117
0.104
0.12
0.042
0.141
0.073
0.107
0.087
0.086
0.096
0.122
0.047
0.116
0.091
0.081
0.131
0.124
0.096
0.077
0.098
0.123
0.076
0.13
0.15
0.134
0.092
0.108
0.128
0.124
0.097
0.139
0.059
0.125
0.15
0.101
-0.003
0.043
0.142
0.102
0.118
0.122
0.001
0.146
0.045
0.124
0.141
0.104
0.132
0.136
0.12
0.092
0.06
0.109
0.109
0.134
0.146
0.156
0.146
0.106
0.117
0.101
0.114
0.132
0.142
0.091
0.087
0.145
0.093
0.144
0.076
0.149
0.136
0.104
0.135
0.151
0.136
0.115
0.089
0.139
0.118
0.096
0.121
0.098
0.124
0.121
0.065
0.117
0.094
0.127
0.081
0.121
0.095
0.08
0.092
0.099
0.124
0.068
0.104
0.113
0.151
0.118
0.145
0.126
0.081
0.096
0.135
0.121
0.087
0.037
0.102
0.127
0.132
0.134
0.113
0.034
0.139
0.121
0.132
0.122
0.123
0.159
0.108
0.137
0.062
0.152
