2.97149e-09
5.78944e-09
5.11584e-09
5.9317e-09
5.28862e-09
6.81818e-09
6.90209e-09
6.84358e-09
6.6176e-09
6.05066e-09
7.87808e-09
7.455e-09
7.94817e-09
7.01094e-09
7.90091e-09
7.64736e-09
7.69876e-09
7.32689e-09
7.13897e-09
7.72816e-09
7.38669e-09
7.34179e-09
7.49704e-09
8.43621e-09
8.57205e-09
8.44592e-09
8.96317e-09
8.19977e-09
8.73014e-09
8.84639e-09
8.95825e-09
8.29204e-09
8.99468e-09
8.78419e-09
8.1735e-09
8.97689e-09
8.63773e-09
8.21643e-09
8.6212e-09
8.30938e-09
8.79661e-09
8.28894e-09
9.77208e-09
9.18809e-09
9.28512e-09
9.51632e-09
9.40863e-09
9.39205e-09
9.82643e-09
9.39397e-09
9.66447e-09
9.42474e-09
9.56585e-09
9.49627e-09
9.87052e-09
9.43972e-09
9.72908e-09
9.35279e-09
9.84228e-09
9.45096e-09
9.92741e-09
9.64359e-09
9.99342e-09
9.42009e-09
9.99868e-09
9.62547e-09
9.34383e-09
9.57942e-09
9.84315e-09
9.75848e-09
9.4074e-09
9.16521e-09
9.03199e-09
9.6534e-09
9.98001e-09
9.33793e-09
9.09518e-09
9.60279e-09
9.40555e-09
9.49132e-09
9.79042e-09
9.2618e-09
9.46513e-09
9.12541e-09
9.5209e-09
9.04634e-09
9.9801e-09
9.66475e-09
9.70574e-09
9.61565e-09
9.95909e-09
9.25075e-09
9.74608e-09
9.15271e-09
9.7118e-09
